Rust/5700X3D
Lock Type       2       4       8       16      32
No Lock           45,6565253684531 45,4512406755312 44,2012742308986 53,1984625988438 53,1978266247229
Spinlock         247     409     613     977    1824
TTASLock         304     532     934    1453    2253
TASLock          264     405     662    1046    1916
BackoffLock      165     184     221     268     294

Java/5700X3D
Lock Type       2       4       8       16      32
No Lock         8,4751124711653 5,4105245745858 1,9419382902255 3,12000003000000 5,12000003000000
Spinlock        146     165     140     134     135
TTASLock        201     466     741     1254    2089
TASLock         212     478     818     1681    3143
BackoffLock     31      32      33      34      38
